      0.0000000 5.548027906806152e-21
      0.0610235 2.730938171511363e-03
      0.1220470 4.550748843516414e-03
      0.1830706 6.981165784886625e-03
      0.2440941 1.135203909103006e-02
      0.3051176 1.397774689367797e-02
      0.3661411 1.411368402152566e-02
      0.4271647 1.528166267640960e-02
      0.4881882 1.735498859122245e-02
      0.5492117 2.020609071312921e-02
      0.6102352 2.307153617471910e-02
      0.6712588 2.374522307963505e-02
      0.7322823 2.463268081253593e-02
      0.7933058 2.529805218242374e-02
      0.8543293 2.745910970480389e-02
      0.9153529 2.815680329391007e-02
      0.9763764 2.667104403423373e-02
      1.0373999 2.597592815186169e-02
      1.0984234 2.722983769185503e-02
      1.1594470 2.715743131940485e-02
      1.2204705 2.602513450077159e-02
      1.2814940 2.818052116128995e-02
      1.3425175 3.169783973742217e-02
      1.4035411 3.323786658988450e-02
      1.4645646 3.438176813407565e-02
      1.5255881 3.605808256515498e-02
      1.5866116 3.589421063631307e-02
      1.6476351 3.511922291818106e-02
      1.7086587 3.457253925830647e-02
      1.7696822 3.233860626847101e-02
      1.8307057 3.264623768730242e-02
      1.8917292 3.409462192039380e-02
      1.9527528 3.510676138163830e-02
      2.0137763 3.515171679073123e-02
      2.0747998 3.637373859499180e-02
      2.1358233 3.813752525379118e-02
      2.1968469 4.403822338454055e-02
      2.2578704 4.272178236574867e-02
      2.3188939 4.355441244935437e-02
      2.3799174 4.283039477932451e-02
      2.4409410 4.489861686895238e-02
      2.5019645 4.884018983702818e-02
      2.5629880 5.666216467505025e-02
      2.6240115 6.035342080715422e-02
      2.6850351 5.625423641650490e-02
      2.7460586 5.462457244158692e-02
      2.8070821 5.536463588931429e-02
      2.8681056 5.656487627251362e-02
      2.9291292 5.746962623981730e-02
      2.9901527 5.610173137182923e-02
      3.0511762 5.454701239485088e-02
      3.1121997 5.435769334146200e-02
      3.1732232 5.404330028244381e-02
      3.2342468 5.258036356103557e-02
      3.2952703 5.042629835999235e-02
      3.3562938 4.758332020595154e-02
      3.4173173 4.490181556355443e-02
      3.4783409 4.577324698938103e-02
      3.5393644 4.679086765495061e-02
      3.6003879 4.718340641239066e-02
      3.6614114 4.737132682584529e-02
      3.7224350 4.770514491237440e-02
      3.7834585 4.926636341304894e-02
      3.8444820 5.187568412912797e-02
      3.9055055 5.556447707698958e-02
      3.9665291 5.792609759336236e-02
      4.0275526 5.888063662579626e-02
      4.0885761 5.951327106624082e-02
      4.1495996 6.053114674867179e-02
      4.2106232 6.086440488777205e-02
      4.2716467 6.040974601662479e-02
      4.3326702 6.030709912431651e-02
      4.3936937 6.067910813508883e-02
      4.4547173 6.082885511213480e-02
      4.5157408 5.799958443435290e-02
      4.5767643 5.738085662337158e-02
      4.6377878 5.714606058488941e-02
      4.6988113 5.413950143783083e-02
      4.7598349 5.564253254713599e-02
      4.8208584 5.492554445427619e-02
      4.8818819 5.500154175858821e-02
      4.9429054 5.687883890487397e-02
      5.0039290 5.993908424350450e-02
      5.0649525 6.191421533519903e-02
      5.1259760 6.488270953457524e-02
      5.1869995 6.874938384447721e-02
      5.2480231 7.247457949730718e-02
      5.3090466 7.651098501493599e-02
      5.3700701 7.956263153378158e-02
      5.4310936 8.312206145056809e-02
      5.4921172 8.793629067434956e-02
      5.5531407 9.154590289290092e-02
      5.6141642 9.412508404814401e-02
      5.6751877 9.916747990624787e-02
      5.7362113 1.059363215421179e-01
      5.7972348 1.134584676978849e-01
      5.8582583 1.230848986925539e-01
      5.9192818 1.355451649768053e-01
      5.9803054 1.405768772566948e-01
      6.0413289 1.449979626774738e-01
      6.1023524 1.474540721407481e-01
      6.1633759 1.515558178180691e-01
      6.2243994 1.565126360557167e-01
      6.2854230 1.581471918767305e-01
      6.3464465 1.594780887581075e-01
      6.4074700 1.665313518395936e-01
      6.4684935 1.884720680944101e-01
      6.5295171 1.841425329343983e-01
      6.5905406 1.688692887699463e-01
      6.6515641 1.572464430532598e-01
      6.7125876 1.531673981909018e-01
      6.7736112 1.618312215778827e-01
      6.8346347 1.717970626328250e-01
      6.8956582 1.682670512908184e-01
      6.9566817 1.675619047228853e-01
      7.0177053 1.714716496819597e-01
      7.0787288 1.777369622888639e-01
      7.1397523 1.831182373617214e-01
      7.2007758 1.656484694625251e-01
      7.2617994 1.600035667389336e-01
      7.3228229 1.597595980014376e-01
      7.3838464 1.662020471196664e-01
      7.4448699 1.683635977425622e-01
      7.5058934 1.680776089251673e-01
      7.5669170 1.668297791505478e-01
      7.6279405 1.659606693303715e-01
      7.6889640 1.757301963079553e-01
      7.7499875 1.820287172297398e-01
      7.8110111 1.850704623103562e-01
      7.8720346 1.866188270261770e-01
      7.9330581 1.870533187913349e-01
      7.9940816 1.909448668853358e-01
      8.0551052 1.931276165810075e-01
      8.1161287 1.910385660296990e-01
      8.1771522 1.828060870243209e-01
      8.2381757 1.789314041465998e-01
      8.2991993 1.765736954574686e-01
      8.3602228 1.778433464249754e-01
      8.4212463 1.821038767319092e-01
      8.4822698 1.920886405268772e-01
      8.5432934 1.991546650768187e-01
      8.6043169 2.055792962056454e-01
      8.6653404 2.232365345273826e-01
      8.7263639 2.173381345714981e-01
      8.7873875 2.199446982997406e-01
      8.8484110 2.230387094243983e-01
      8.9094345 2.307405542567861e-01
      8.9704580 2.166507121143426e-01
      9.0314815 2.168255139194903e-01
      9.0925051 2.115760117236282e-01
      9.1535286 2.030837383252291e-01
      9.2145521 1.954356698676169e-01
      9.2755756 1.901147095508001e-01
      9.3365992 1.873299471874765e-01
      9.3976227 1.871872367105939e-01
      9.4586462 1.844225285881639e-01
      9.5196697 1.813946736037179e-01
      9.5806933 1.788828491676592e-01
      9.6417168 1.764409742736622e-01
      9.7027403 1.714547564795760e-01
      9.7637638 1.650542719676685e-01
      9.8247874 1.770786858483241e-01
      9.8858109 1.822740028486660e-01
      9.9468344 1.838810836345374e-01
     10.0078579 1.910873178418159e-01
     10.0688815 1.903727643175774e-01
     10.1299050 1.821400495543299e-01
     10.1909285 1.716963339435561e-01
     10.2519520 1.653686416790249e-01
     10.3129756 1.702753124560088e-01
     10.3739991 1.613354368643401e-01
     10.4350226 1.576094301806424e-01
     10.4960461 1.553111066741129e-01
     10.5570696 1.556333735516830e-01
     10.6180932 1.509875826402046e-01
     10.6791167 1.404756493286326e-01
     10.7401402 1.302440865183995e-01
     10.8011637 1.257802038225355e-01
     10.8621873 1.280722295028012e-01
     10.9232108 1.301968856578256e-01
     10.9842343 1.168724850281153e-01
     11.0452578 1.130775712299008e-01
     11.1062814 1.118029166716659e-01
     11.1673049 1.131779162347990e-01
     11.2283284 1.148292276193355e-01
     11.2893519 1.159538031099421e-01
     11.3503755 1.193348033657581e-01
     11.4113990 1.314523458074744e-01
     11.4724225 1.418370721417231e-01
     11.5334460 1.430183187038334e-01
     11.5944696 1.324198996077529e-01
     11.6554931 1.306645518493880e-01
     11.7165166 1.357511191672771e-01
     11.7775401 1.433979189815462e-01
     11.8385637 1.391921778889937e-01
     11.8995872 1.312346347841649e-01
     11.9606107 1.299464761850662e-01
     12.0216342 1.296568308422753e-01
     12.0826577 1.292101329598102e-01
     12.1436813 1.318552729549063e-01
     12.2047048 1.352922640237642e-01
     12.2657283 1.371680011194817e-01
     12.3267518 1.381479204644132e-01
     12.3877754 1.386307150127781e-01
     12.4487989 1.387074262726631e-01
     12.5098224 1.392773935198314e-01
     12.5708459 1.449451107829924e-01
     12.6318695 1.553532828355251e-01
     12.6928930 1.559291848689216e-01
     12.7539165 1.543490394632116e-01
     12.8149400 1.559779237957645e-01
     12.8759636 1.806543547134745e-01
     12.9369871 1.782659819528025e-01
     12.9980106 1.677359576971102e-01
     13.0590341 1.646143384901251e-01
     13.1200577 1.662589342887420e-01
     13.1810812 1.678475073911827e-01
     13.2421047 1.697310185993295e-01
     13.3031282 1.687972005883529e-01
     13.3641518 1.696043649088594e-01
     13.4251753 1.714578639423679e-01
     13.4861988 1.739982266267169e-01
     13.5472223 1.832397497449272e-01
     13.6082458 1.901240709896467e-01
     13.6692694 1.862618118373170e-01
     13.7302929 1.795457222153885e-01
     13.7913164 1.732158473374399e-01
     13.8523399 1.680690391548446e-01
     13.9133635 1.664183822540687e-01
     13.9743870 1.717517938774488e-01
     14.0354105 1.758074501033940e-01
     14.0964340 1.810803621506688e-01
     14.1574576 1.932780651111767e-01
     14.2184811 2.086395385741063e-01
     14.2795046 2.121627906379679e-01
     14.3405281 2.228349750030898e-01
     14.4015517 2.408805737842738e-01
     14.4625752 2.591942448881248e-01
     14.5235987 2.739957375326580e-01
     14.5846222 2.843993585260695e-01
     14.6456458 2.906348429985191e-01
     14.7066693 2.964469953500741e-01
     14.7676928 2.993324262096868e-01
     14.8287163 2.815816319790759e-01
     14.8897399 2.787639196006556e-01
     14.9507634 2.772194337645979e-01
     15.0117869 2.493076503458068e-01
     15.0728104 2.294489220924968e-01
     15.1338339 2.130969056676051e-01
     15.1948575 2.045041871730642e-01
     15.2558810 2.001087443740037e-01
     15.3169045 1.973413870564597e-01
     15.3779280 1.984795096109503e-01
     15.4389516 2.034040135080382e-01
     15.4999751 1.963860768901316e-01
     15.5609986 1.875231850393841e-01
     15.6220221 1.930982640828354e-01
     15.6830457 2.014128565579002e-01
     15.7440692 2.122125275829178e-01
     15.8050927 2.103277546287737e-01
     15.8661162 2.131536021300807e-01
     15.9271398 2.215570108900788e-01
     15.9881633 2.055123444271291e-01
     16.0491868 2.162753558252253e-01
     16.1102103 2.149773871351874e-01
     16.1712339 2.108032395958221e-01
     16.2322574 2.246243724493626e-01
     16.2932809 2.027031291607249e-01
     16.3543044 1.934804361298628e-01
     16.4153280 1.821927464597287e-01
     16.4763515 1.740165155815878e-01
     16.5373750 1.701598367083214e-01
     16.5983985 1.654255617079007e-01
     16.6594220 1.604049037028705e-01
     16.7204456 1.531763764489699e-01
     16.7814691 1.530770251838518e-01
     16.8424926 1.536746208631648e-01
     16.9035161 1.551226426987346e-01
     16.9645397 1.597190944229617e-01
     17.0255632 1.583210550516150e-01
     17.0865867 1.679168909076546e-01
     17.1476102 1.746052302766249e-01
     17.2086338 1.739692063495139e-01
     17.2696573 1.738250634866096e-01
     17.3306808 1.745555159950495e-01
     17.3917043 2.053846218687774e-01
     17.4527279 2.066568596657429e-01
     17.5137514 2.059885289891205e-01
     17.5747749 2.006225015602210e-01
     17.6357984 1.975410092823690e-01
     17.6968220 1.796941259775485e-01
     17.7578455 1.663127314763762e-01
     17.8188690 1.547253406001103e-01
     17.8798925 1.458924745378039e-01
     17.9409161 1.417092879302947e-01
     18.0019396 1.334427919798545e-01
     18.0629631 1.332337478878467e-01
     18.1239866 1.411810818328424e-01
     18.1850101 1.423937759707165e-01
     18.2460337 1.488426518007145e-01
     18.3070572 1.583464210729391e-01
     18.3680807 1.499224426285745e-01
     18.4291042 1.428696257308944e-01
     18.4901278 1.361835650456787e-01
     18.5511513 1.333841441485478e-01
     18.6121748 1.350626864779858e-01
     18.6731983 1.306330470902453e-01
     18.7342219 1.288949287981005e-01
     18.7952454 1.395282442565242e-01
     18.8562689 1.453268185292061e-01
     18.9172924 1.424849500504835e-01
     18.9783160 1.400163842470376e-01
     19.0393395 1.344559790627019e-01
     19.1003630 1.226326714589973e-01
     19.1613865 1.119688441152386e-01
     19.2224101 1.055254279323967e-01
     19.2834336 1.046118273920204e-01
     19.3444571 1.045124755210532e-01
     19.4054806 1.018968611030759e-01
     19.4665042 9.513610357146235e-02
     19.5275277 9.097177460151107e-02
     19.5885512 9.092266924184823e-02
     19.6495747 8.886708421772117e-02
     19.7105982 9.088500302783635e-02
     19.7716218 9.337482361432203e-02
     19.8326453 9.387540841128356e-02
     19.8936688 9.092348720830080e-02
     19.9546923 9.656539082991587e-02
     20.0157159 1.038771050634525e-01
     20.0767394 1.061618472183412e-01
     20.1377629 1.047226410773595e-01
     20.1987864 1.000589798381036e-01
     20.2598100 9.718655887834160e-02
     20.3208335 9.855258490365749e-02
     20.3818570 9.993582587406376e-02
     20.4428805 1.016047038276963e-01
     20.5039041 9.989053281529821e-02
     20.5649276 9.234130274836343e-02
     20.6259511 9.157473955278572e-02
     20.6869746 9.534592330938013e-02
     20.7479982 8.673522888017864e-02
     20.8090217 8.336576961935173e-02
     20.8700452 8.267356776083812e-02
     20.9310687 8.315429261134480e-02
     20.9920923 8.348872387754754e-02
     21.0531158 8.465607421657399e-02
     21.1141393 8.765476887059330e-02
     21.1751628 8.887274629517590e-02
     21.2361863 8.909973634286981e-02
     21.2972099 8.960408363949628e-02
     21.3582334 9.188249459100757e-02
     21.4192569 9.741901935596375e-02
     21.4802804 1.081566728807354e-01
     21.5413040 1.157039391135656e-01
     21.6023275 1.169508475752696e-01
     21.6633510 1.226092503743241e-01
     21.7243745 1.313456066751846e-01
     21.7853981 1.285820500099213e-01
     21.8464216 1.259401542100326e-01
     21.9074451 1.256017201262476e-01
     21.9684686 1.286830940194416e-01
     22.0294922 1.449330395946054e-01
     22.0905157 1.477358164358182e-01
     22.1515392 1.536849655283843e-01
     22.2125627 1.643726231418420e-01
     22.2735863 1.774115032265899e-01
     22.3346098 1.590980812721321e-01
     22.3956333 1.501296533965507e-01
     22.4566568 1.381449062913908e-01
     22.5176803 1.419760696936830e-01
     22.5787039 1.611393627189529e-01
     22.6397274 1.632190668175668e-01
     22.7007509 1.513394951113438e-01
     22.7617744 1.523732233154839e-01
     22.8227980 1.517150131287532e-01
     22.8838215 1.503157239123940e-01
     22.9448450 1.494806060398934e-01
     23.0058685 1.485672694568448e-01
     23.0668921 1.501289421598527e-01
     23.1279156 1.518796617587994e-01
     23.1889391 1.540496915479098e-01
     23.2499626 1.516576976562128e-01
     23.3109862 1.497380500405834e-01
     23.3720097 1.514116388059280e-01
     23.4330332 1.573511699668762e-01
     23.4940567 1.576736356029663e-01
     23.5550803 1.570878430686455e-01
     23.6161038 1.606891886238337e-01
     23.6771273 1.726508468605677e-01
     23.7381508 1.631684218673658e-01
     23.7991744 1.616281937851990e-01
     23.8601979 1.578175026901273e-01
     23.9212214 1.557660103257319e-01
     23.9822449 1.504121709062690e-01
     24.0432684 1.421099564367133e-01
     24.1042920 1.370925323366436e-01
     24.1653155 1.341084728902433e-01
     24.2263390 1.334502304228392e-01
     24.2873625 1.356408319613662e-01
     24.3483861 1.415476208227040e-01
     24.4094096 1.464612408831228e-01
     24.4704331 1.554311912680134e-01
     24.5314566 1.540936087755202e-01
     24.5924802 1.535313004496586e-01
     24.6535037 1.536609706243285e-01
     24.7145272 1.555801306461644e-01
     24.7755507 1.521663409218892e-01
     24.8365743 1.468541285158259e-01
     24.8975978 1.459113642097418e-01
     24.9586213 1.388024653525131e-01
     25.0196448 1.302392340065165e-01
     25.0806684 1.241315535374265e-01
     25.1416919 1.266134911004749e-01
     25.2027154 1.318953007267710e-01
     25.2637389 1.370330753944623e-01
     25.3247625 1.243895531960181e-01
     25.3857860 1.235966852891837e-01
     25.4468095 1.321530624875507e-01
     25.5078330 1.409345419327904e-01
     25.5688565 1.403758578169321e-01
     25.6298801 1.330230420886596e-01
     25.6909036 1.297800491891503e-01
     25.7519271 1.273971425512824e-01
     25.8129506 1.233442140258837e-01
     25.8739742 1.311608814344975e-01
     25.9349977 1.423246832226490e-01
     25.9960212 1.515541523245028e-01
     26.0570447 1.605572840454283e-01
     26.1180683 1.754834629300213e-01
     26.1790918 1.960490549143848e-01
     26.2401153 2.114381640545659e-01
     26.3011388 1.549403484469790e-01
     26.3621624 1.591371270480332e-01
     26.4231859 1.745363584344450e-01
     26.4842094 1.816254823250624e-01
     26.5452329 1.838664032751048e-01
     26.6062565 1.725431301571293e-01
     26.6672800 1.593167211524308e-01
     26.7283035 1.527015949249524e-01
     26.7893270 1.512867096693002e-01
     26.8503506 1.501911882424254e-01
     26.9113741 1.325925197669980e-01
     26.9723976 1.213560347152667e-01
     27.0334211 1.097131338057095e-01
     27.0944446 9.919333256807218e-02
     27.1554682 9.142252937168954e-02
     27.2164917 8.913054142851273e-02
     27.2775152 8.830088967386379e-02
     27.3385387 8.815494950491648e-02
     27.3995623 8.786749353866004e-02
     27.4605858 8.745333521200647e-02
     27.5216093 1.036843287566288e-01
     27.5826328 9.280472960337215e-02
     27.6436564 8.687469936306895e-02
     27.7046799 8.556683224165455e-02
     27.7657034 8.690008187783695e-02
     27.8267269 8.786702379524859e-02
     27.8877505 8.664991914438935e-02
     27.9487740 8.736763345171505e-02
     28.0097975 8.738403427537351e-02
     28.0708210 8.670083172712008e-02
     28.1318446 8.605495546100821e-02
     28.1928681 8.602666086521606e-02
     28.2538916 8.666600532899105e-02
     28.3149151 8.728099212927966e-02
     28.3759387 8.793277972457762e-02
     28.4369622 8.866401759038439e-02
     28.4979857 8.941454239199352e-02
     28.5590092 9.014988859458711e-02
     28.6200327 9.071512861429820e-02
     28.6810563 9.094848658016341e-02
     28.7420798 9.085234791575310e-02
     28.8031033 9.064236499199234e-02
     28.8641268 9.054796059624277e-02
     28.9251504 9.078277957387519e-02
     28.9861739 9.143621092635550e-02
     29.0471974 9.222344949283827e-02
     29.1082209 9.339049807732867e-02
     29.1692445 9.503964333780814e-02
     29.2302680 9.690871958453912e-02
     29.2912915 9.908812834092900e-02
     29.3523150 1.014214489003498e-01
     29.4133386 1.038477917612268e-01
     29.4743621 1.064206633522626e-01
     29.5353856 1.098364776157918e-01
     29.5964091 1.135848697172159e-01
     29.6574327 1.171565046571266e-01
     29.7184562 1.203043623672200e-01
     29.7794797 1.229902987152949e-01
     29.8405032 1.255765606623242e-01
     29.9015268 1.280484353099350e-01
     29.9625503 1.306596678568145e-01
     30.0235738 1.371984688964284e-01
     30.0845973 1.504995339035425e-01
     30.1456208 1.593063739583027e-01
     30.2066444 1.685561522427294e-01
     30.2676679 1.745733154799446e-01
     30.3286914 1.769786756915246e-01
     30.3897149 1.753765144363120e-01
     30.4507385 1.798803391571170e-01
     30.5117620 1.877408234023329e-01
     30.5727855 1.903703268373840e-01
     30.6338090 1.834674243241949e-01
     30.6948326 1.772346446755398e-01
     30.7558561 1.735758328769774e-01
     30.8168796 1.730793742140690e-01
     30.8779031 1.852732607829818e-01
     30.9389267 1.864744503378815e-01
     30.9999502 1.848080764929411e-01
     31.0609737 1.855132834280959e-01
     31.1219972 1.915061532254729e-01
     31.1830208 1.965708398206399e-01
     31.2440443 2.059670125862243e-01
     31.3050678 2.152435706953326e-01
     31.3660913 2.225063523707052e-01
     31.4271149 2.288781778975969e-01
     31.4881384 2.359260557236447e-01
     31.5491619 2.436879159339313e-01
     31.6101854 2.500025415297536e-01
     31.6712089 2.517530445804227e-01
     31.7322325 2.546624883239656e-01
     31.7932560 2.861658512553042e-01
     31.8542795 2.899546686828502e-01
     31.9153030 2.717915889608313e-01
     31.9763266 2.486072865306199e-01
     32.0373501 2.358233667519052e-01
     32.0983736 2.383793973556957e-01
     32.1593971 2.688087938196302e-01
     32.2204207 2.804137265805839e-01
     32.2814442 2.929164352048420e-01
     32.3424677 3.112887789485236e-01
     32.4034912 3.379930790059141e-01
     32.4645148 3.316911965978610e-01
     32.5255383 3.212049901353283e-01
     32.5865618 3.342172356157843e-01
     32.6475853 3.655161875303263e-01
     32.7086089 4.090587752876298e-01
     32.7696324 3.107871427443800e-01
     32.8306559 2.714790913547573e-01
     32.8916794 2.702071384492101e-01
     32.9527030 2.742040492703801e-01
     33.0137265 2.904154370494709e-01
     33.0747500 2.952728702683951e-01
     33.1357735 2.888312131882805e-01
     33.1967970 2.984243982498895e-01
     33.2578206 3.001297999511776e-01
     33.3188441 2.775294982678114e-01
     33.3798676 2.478515388058640e-01
     33.4408911 2.806905734081384e-01
     33.5019147 2.636292520692065e-01
     33.5629382 2.498349011968772e-01
     33.6239617 2.381861218203696e-01
     33.6849852 2.282764881782167e-01
     33.7460088 2.200123314982242e-01
     33.8070323 2.139640991476690e-01
     33.8680558 2.264107689292811e-01
     33.9290793 2.330286206066171e-01
     33.9901029 2.551125341876703e-01
     34.0511264 2.657802973309139e-01
     34.1121499 2.591932559308856e-01
     34.1731734 2.543675710465219e-01
     34.2341970 2.568471618941942e-01
     34.2952205 2.672868946328901e-01
     34.3562440 2.666602978253533e-01
     34.4172675 2.324967626248486e-01
     34.4782911 2.143678421138502e-01
     34.5393146 1.996335811628960e-01
     34.6003381 1.937058518469389e-01
     34.6613616 1.923740688950356e-01
     34.7223851 1.861507803371241e-01
     34.7834087 1.502811427042526e-01
     34.8444322 1.342492486104360e-01
     34.9054557 1.310091818962129e-01
     34.9664792 1.337144692392084e-01
     35.0275028 1.399244804090995e-01
     35.0885263 1.480112464625398e-01
     35.1495498 1.564415252760581e-01
     35.2105733 1.588347423031509e-01
     35.2715969 1.578199417395141e-01
     35.3326204 1.623539005442638e-01
     35.3936439 1.708481406013484e-01
     35.4546674 1.649335460704915e-01
     35.5156910 1.677105031576163e-01
     35.5767145 1.615766848306453e-01
     35.6377380 1.578212198653520e-01
     35.6987615 1.617178311441652e-01
     35.7597851 1.654550820382912e-01
     35.8208086 1.668045557317573e-01
     35.8818321 1.693995077203932e-01
     35.9428556 1.780351108992430e-01
     36.0038791 1.844158084289018e-01
     36.0649027 1.861419497237587e-01
     36.1259262 1.958315205575325e-01
     36.1869497 2.064779585126770e-01
     36.2479732 2.070352653197687e-01
     36.3089968 1.927252088456058e-01
     36.3700203 1.804748095540278e-01
     36.4310438 1.870020178210244e-01
     36.4920673 2.178480407981056e-01
     36.5530909 2.544357269457733e-01
     36.6141144 2.752458476755444e-01
     36.6751379 2.988099210119242e-01
     36.7361614 3.290184153294895e-01
     36.7971850 3.256004359207736e-01
     36.8582085 2.787792472516502e-01
     36.9192320 2.525371841870520e-01
     36.9802555 2.469966300078299e-01
     37.0412791 2.541596835892808e-01
     37.1023026 2.670938359461091e-01
     37.1633261 2.533669602172137e-01
     37.2243496 2.321819988863394e-01
     37.2853732 2.192459504998338e-01
     37.3463967 1.806183516403389e-01
     37.4074202 1.361853723450505e-01
     37.4684437 1.450315579589840e-01
     37.5294672 1.617179474591062e-01
     37.5904908 1.471191682455915e-01
     37.6515143 1.394213109693930e-01
     37.7125378 1.291183559644663e-01
     37.7735613 9.696078595634255e-02
     37.8345849 8.643869335113923e-02
     37.8956084 8.180483906914926e-02
     37.9566319 7.736791442806965e-02
     38.0176554 7.399689665733335e-02
     38.0786790 8.086301874247920e-02
     38.1397025 8.683187721254725e-02
     38.2007260 9.048225216275789e-02
     38.2617495 8.852061676715493e-02
     38.3227731 8.491183674504631e-02
     38.3837966 8.431262942138140e-02
     38.4448201 8.635459640340241e-02
     38.5058436 8.704898655653581e-02
     38.5668672 9.127718323790213e-02
     38.6278907 9.742342528962690e-02
     38.6889142 1.011181367180303e-01
     38.7499377 1.049892066834243e-01
     38.8109613 1.086177925202174e-01
     38.8719848 1.093923312236364e-01
     38.9330083 1.099425203342951e-01
     38.9940318 1.105997315821973e-01
     39.0550553 1.094063755899579e-01
     39.1160789 1.071563791213664e-01
     39.1771024 1.057263874744857e-01
     39.2381259 1.060071088880685e-01
     39.2991494 1.065734264276730e-01
     39.3601730 1.108686609293951e-01
     39.4211965 1.131497016151956e-01
     39.4822200 1.132455239430160e-01
     39.5432435 1.091235167526347e-01
     39.6042671 1.016590546113946e-01
     39.6652906 9.551407968681987e-02
     39.7263141 9.102493517569536e-02
     39.7873376 9.039950694527339e-02
     39.8483612 8.572371467063479e-02
     39.9093847 7.927114138791393e-02
     39.9704082 7.617502532754636e-02
     40.0314317 7.846672944711271e-02
     40.0924553 9.262529433912843e-02
     40.1534788 9.323295158302476e-02
     40.2145023 8.556599551821913e-02
     40.2755258 8.591401250189697e-02
     40.3365494 9.263175404185321e-02
     40.3975729 1.077214963412880e-01
     40.4585964 9.197341341653741e-02
     40.5196199 8.887062597542432e-02
     40.5806434 9.220841050972624e-02
     40.6416670 9.853780721249976e-02
     40.7026905 9.403457205377257e-02
     40.7637140 9.520341694355029e-02
     40.8247375 9.745704935294715e-02
     40.8857611 9.619775181993669e-02
     40.9467846 9.712594361428743e-02
     41.0078081 9.426724323154405e-02
     41.0688316 8.611351734564458e-02
     41.1298552 7.895164187151284e-02
     41.1908787 7.833604483944047e-02
     41.2519022 7.325018857104999e-02
     41.3129257 7.852967617382062e-02
     41.3739493 8.883254745545173e-02
     41.4349728 6.539198689265861e-02
     41.4959963 5.473863205607216e-02
     41.5570198 5.211534039184366e-02
     41.6180434 5.074180363454665e-02
     41.6790669 5.098373511605550e-02
     41.7400904 4.982842654851018e-02
     41.8011139 4.906445170629126e-02
     41.8621375 4.938840535612610e-02
     41.9231610 4.487370013937384e-02
     41.9841845 4.546412049196871e-02
     42.0452080 4.610163481248735e-02
     42.1062315 4.625092790899153e-02
     42.1672551 4.602011506246770e-02
     42.2282786 4.618213136354322e-02
     42.2893021 4.723221852109433e-02
     42.3503256 4.927064359777292e-02
     42.4113492 5.248246539331265e-02
     42.4723727 5.150799633218726e-02
     42.5333962 4.939397638478841e-02
     42.5944197 4.801512095071750e-02
     42.6554433 4.641855167428235e-02
     42.7164668 5.208794080118162e-02
     42.7774903 4.445689077278514e-02
     42.8385138 4.443317186966311e-02
     42.8995374 4.467943115294304e-02
     42.9605609 4.498739621275936e-02
     43.0215844 4.524780687301863e-02
     43.0826079 4.551167324999526e-02
     43.1436315 4.627171250216753e-02
     43.2046550 4.740928623003702e-02
     43.2656785 4.865693235703333e-02
     43.3267020 4.931432856849873e-02
     43.3877256 5.015146433720056e-02
     43.4487491 5.112372994669686e-02
     43.5097726 5.216963708961300e-02
     43.5707961 5.325069575168883e-02
     43.6318196 5.437440250089633e-02
     43.6928432 5.557500066427722e-02
     43.7538667 5.682943763470166e-02
     43.8148902 5.810084363199499e-02
     43.8759137 5.934849682370748e-02
     43.9369373 6.059666333474010e-02
     43.9979608 6.188528540376164e-02
     44.0589843 6.329296441819042e-02
     44.1200078 6.465418128553897e-02
     44.1810314 6.599055477672811e-02
     44.2420549 6.729298738717988e-02
     44.3030784 6.856076829067938e-02
     44.3641019 6.977824465836836e-02
     44.4251255 7.096396867763642e-02
     44.4861490 7.212251908435491e-02
     44.5471725 7.300267663391218e-02
     44.6081960 7.210777055653861e-02
     44.6692196 7.119708723072669e-02
     44.7302431 7.016052812594206e-02
     44.7912666 4.988672483614260e-02
     44.8522901 4.562620475904979e-02
     44.9133137 4.350067239115386e-02
     44.9743372 4.125929788685617e-02
     45.0353607 3.954628986081806e-02
     45.0963842 3.992426955415743e-02
     45.1574077 4.052905874053961e-02
     45.2184313 4.182116951533352e-02
     45.2794548 4.649978701572480e-02
     45.3404783 5.248548675516321e-02
     45.4015018 5.514835421698192e-02
     45.4625254 5.787223735414382e-02
     45.5235489 6.153917716560275e-02
     45.5845724 6.507109553571964e-02
     45.6455959 6.806870856103271e-02
     45.7066195 7.053159391195768e-02
     45.7676430 7.251784119099212e-02
     45.8286665 7.423808138765628e-02
     45.8896900 7.578671808232497e-02
     45.9507136 7.737406408753099e-02
     46.0117371 7.892722357776888e-02
     46.0727606 8.275433656748178e-02
     46.1337841 8.738622326797683e-02
     46.1948077 9.149228209093653e-02
     46.2558312 9.481583590025638e-02
     46.3168547 9.833984693600134e-02
     46.3778782 1.021727240001611e-01
     46.4389018 1.060970534402275e-01
     46.4999253 1.099004517251367e-01
     46.5609488 1.136795471570885e-01
     46.6219723 1.160692290028182e-01
     46.6829958 1.164710521085209e-01
     46.7440194 1.155978334961687e-01
     46.8050429 1.144637226769673e-01
     46.8660664 1.137259711979943e-01
     46.9270899 1.132134979209387e-01
     46.9881135 1.126569857113988e-01
     47.0491370 1.121600703914997e-01
     47.1101605 1.115670849401143e-01
     47.1711840 1.128332150387587e-01
     47.2322076 1.142633185230226e-01
     47.2932311 1.128870092168035e-01
     47.3542546 1.110256630709065e-01
     47.4152781 1.086465683076675e-01
     47.4763017 1.055846270174525e-01
     47.5373252 1.025851479267492e-01
     47.5983487 1.013144063532952e-01
     47.6593722 1.048376537164159e-01
     47.7203958 1.086569210818026e-01
     47.7814193 1.070214400381875e-01
     47.8424428 1.052536082069625e-01
     47.9034663 1.032670787929278e-01
     47.9644899 9.990569553280648e-02
     48.0255134 8.436200374488273e-02
     48.0865369 6.242311486857289e-02
     48.1475604 3.739165465881625e-02
     48.2085839 3.496532618295130e-02
     48.2696075 3.508439922126222e-02
     48.3306310 3.526282063210308e-02
     48.3916545 3.544464017042916e-02
     48.4526780 3.562892847977883e-02
     48.5137016 3.581594676739750e-02
     48.5747251 3.600693872447369e-02
     48.6357486 3.620057462054396e-02
     48.6967721 3.640599882989831e-02
     48.7577957 3.665116427342060e-02
     48.8188192 3.690579638450155e-02
     48.8798427 3.714508863777956e-02
     48.9408662 3.734596896120711e-02
     49.0018898 3.794465381278581e-02
     49.0629133 3.845270865043295e-02
     49.1239368 3.890965459487263e-02
     49.1849603 3.924908483878390e-02
     49.2459839 3.961353330244035e-02
     49.3070074 4.073287646156730e-02
     49.3680309 4.179966280674924e-02
     49.4290544 4.272762547184138e-02
     49.4900780 4.347519192186675e-02
     49.5511015 4.412494279911738e-02
     49.6121250 4.473453107926405e-02
     49.6731485 4.531697156758671e-02
     49.7341720 4.586941407927295e-02
     49.7951956 4.639061722466278e-02
     49.8562191 4.687832102715280e-02
     49.9172426 6.098128829348175e-02
     49.9782661 6.183317091994794e-02
     50.0392897 5.310114502984530e-02
     50.1003132 5.278925091259388e-02
     50.1613367 5.295797096932642e-02
     50.2223602 5.032126135733139e-02
     50.2833838 4.615355675640939e-02
     50.3444073 4.451161233501938e-02
     50.4054308 4.403302056128484e-02
     50.4664543 4.359259198925586e-02
     50.5274779 4.319951318318111e-02
     50.5885014 4.286250970770555e-02
     50.6495249 4.227656322313694e-02
     50.7105484 4.210804310660677e-02
     50.7715720 4.210452825294068e-02
     50.8325955 4.207937591428195e-02
     50.8936190 4.212920914896346e-02
     50.9546425 4.228642964679117e-02
     51.0156660 4.270742520487340e-02
     51.0766896 4.305878299371433e-02
     51.1377131 4.326504038082547e-02
     51.1987366 4.338324417893574e-02
     51.2597601 4.345993712561861e-02
     51.3207837 4.350703026911712e-02
     51.3818072 4.350612368544250e-02
     51.4428307 4.344120376029947e-02
     51.5038542 4.323760426005399e-02
     51.5648778 4.294161097696400e-02
     51.6259013 4.256890423081102e-02
     51.6869248 4.209410495213431e-02
     51.7479483 4.129483682556037e-02
     51.8089719 4.077605036779362e-02
     51.8699954 4.049255624100224e-02
     51.9310189 4.042192221302020e-02
     51.9920424 4.039599727722260e-02
     52.0530660 4.037844017703627e-02
     52.1140895 4.055087402985905e-02
     52.1751130 4.086780898898840e-02
     52.2361365 4.117167173488167e-02
     52.2971601 4.150547607644083e-02
     52.3581836 4.194824956830792e-02
     52.4192071 4.248483242212572e-02
     52.4802306 4.297196186528088e-02
     52.5412541 4.374718123483626e-02
     52.6022777 4.440666199277063e-02
     52.6633012 4.496155275499441e-02
     52.7243247 4.548207144490270e-02
     52.7853482 4.602940598264352e-02
     52.8463718 4.655576393994221e-02
     52.9073953 4.707446698135376e-02
     52.9684188 4.768229345317143e-02
     53.0294423 4.835206714879023e-02
     53.0904659 4.897930090174931e-02
     53.1514894 4.955049823895991e-02
     53.2125129 5.005068863467740e-02
     53.2735364 5.050953146365222e-02
     53.3345600 5.094277345680829e-02
     53.3955835 5.139292061467767e-02
     53.4566070 5.199223164419851e-02
     53.5176305 5.274540606750915e-02
     53.5786541 5.365787889600210e-02
     53.6396776 5.509806860921784e-02
     53.7007011 5.708933887533393e-02
     53.7617246 5.878738290940244e-02
     53.8227482 6.025278098019026e-02
     53.8837717 6.175863483029719e-02
     53.9447952 6.330275333647392e-02
     54.0058187 6.494452289912665e-02
     54.0668422 6.683841381985119e-02
     54.1278658 6.886944804811054e-02
     54.1888893 7.108713228746529e-02
     54.2499128 7.351411151517363e-02
     54.3109363 7.673076751218076e-02
     54.3719599 8.185795527048648e-02
     54.4329834 9.442238974572786e-02
     54.4940069 1.101041939813959e-01
     54.5550304 1.211445570662489e-01
     54.6160540 1.290630808360549e-01
     54.6770775 1.355813182524170e-01
     54.7381010 1.409773883356723e-01
     54.7991245 1.456176580010677e-01
     54.8601481 1.498967774928409e-01
     54.9211716 1.537027105138809e-01
     54.9821951 1.571748611453937e-01
     55.0432186 1.635079035793897e-01
     55.1042422 1.716591761571511e-01
     55.1652657 1.812386615945153e-01
     55.2262892 1.881862404408357e-01
     55.2873127 1.333171377322716e-01
     55.3483363 1.965088754419669e-01
     55.4093598 4.603836500001993e-02
     55.4703833 4.484911051263019e-02
     55.5314068 4.389651891226498e-02
     55.5924303 4.318594543575410e-02
     55.6534539 4.271405100064899e-02
     55.7144774 4.249821362448829e-02
     55.7755009 4.253994935977504e-02
     55.8365244 4.283277864414361e-02
     55.8975480 4.337146268808433e-02
     55.9585715 4.415837259352464e-02
     56.0195950 4.519975470734278e-02
     56.0806185 4.646007289918386e-02
     56.1416421 4.796940039748765e-02
     56.2026656 5.029579963054712e-02
     56.2636891 5.523851157969179e-02
     56.3247126 6.003191842673705e-02
     56.3857362 6.474698381911261e-02
     56.4467597 6.969205658111054e-02
     56.5077832 7.508613727300219e-02
     56.5688067 8.073289989223799e-02
     56.6298303 8.601976679244067e-02
     56.6908538 9.386599869303912e-02
     56.7518773 1.238099010856248e-01
     56.8129008 1.439171011122200e-01
     56.8739244 1.602076850943050e-01
     56.9349479 1.811160671399450e-01
     56.9959714 2.036352385560603e-01
     57.0569949 2.285609864405601e-01
     57.1180184 2.094305639766329e-01
     57.1790420 1.338509306625202e-01
     57.2400655 1.117114305788528e-01
     57.3010890 1.022954193617481e-01
     57.3621125 9.277464881976701e-02
     57.4231361 8.514201775883612e-02
     57.4841596 7.983589313412165e-02
     57.5451831 6.706252631146159e-02
     57.6062066 7.236650284935761e-02
     57.6672302 3.996034598134621e-02
     57.7282537 2.152044311307449e-02
     57.7892772 1.567252572843403e-02
     57.8503007 1.264060574614263e-02
     57.9113243 1.156377451805125e-02
     57.9723478 1.195945375933696e-02
     58.0333713 1.322375267231059e-02
     58.0943948 1.543314559747597e-02
     58.1554184 1.880558604747595e-02
     58.2164419 2.307561907195047e-02
     58.2774654 2.802637064620940e-02
     58.3384889 3.349802397593878e-02
     58.3995125 3.973523845727227e-02
     58.4605360 5.295228225782741e-02
     58.5215595 1.206654313738243e-01
     58.5825830 1.961627846089018e-01
     58.6436065 3.325679605797744e-01
     58.7046301 4.984708025462736e-01
     58.7656536 6.426493858378963e-01
     58.8266771 9.021043279917661e-01
     58.8877006 7.218356354307369e-01
     58.9487242 6.742838815856519e-01
     59.0097477 6.504576201132638e-01
     59.0707712 6.927784581381898e-01
     59.1317947 7.671163366627195e-01
     59.1928183 8.388787809339568e-01
     59.2538418 7.346258235033175e-01
     59.3148653 7.213122731550733e-01
     59.3758888 6.102734622988417e-01
     59.4369124 4.345205031235191e-01
     59.4979359 3.661695979083399e-01
     59.5589594 3.231804653718386e-01
     59.6199829 2.971312310996796e-01
     59.6810065 2.811501394514677e-01
     59.7420300 2.670921485719660e-01
     59.8030535 2.594927635719007e-01
     59.8640770 3.198927013690635e-01
     59.9251006 3.134598075066506e-01
     59.9861241 2.395530057436073e-01
     60.0471476 1.487601942281132e-01
     60.1081711 1.039925840387154e-01
     60.1691946 6.801427434629274e-02
     60.2302182 4.842434098702326e-02
     60.2912417 3.214388217659959e-02
     60.3522652 2.089885287865052e-02
     60.4132887 1.425546824630639e-02
     60.4743123 8.804142655580915e-03
     60.5353358 4.426329772014017e-03
     60.5963593 1.183252491154225e-03
     60.6573828 9.782722194785674e-07
     60.7184064 0.000000000000000e+00
     60.7794299 0.000000000000000e+00
     60.8404534 0.000000000000000e+00
     60.9014769 0.000000000000000e+00
     60.9625005 0.000000000000000e+00
